Problem 20
vis: 2.4609591960906982
qry: 87.37563109397888
sub: 6.834836006164551

Problem 21
vis: 1.263946533203125
qry: 116.37239122390747
sub: 3.7071588039398193

